127
128
127
127
193
127
143
131
131
160
136
127
127
209
127
147
163
132
160
200
193
143
65
127
144
131
131
226
136
143
131
213
160
156
163
132
242
200
213
179
70
160
215
197
147
32
136
128
127
209
193
147
179
128
164
231
202
143
65
209
144
143
-96
-26
-88
-39
-58
-58
-157
-99
-75
-127
-9
-86
-33
-92
-189
-9
-7
-37
-80
-220
-6
-56
-42
-26
-251
-75
-20
-57
-79
-183
-62
-111
-190
-128
-45
-124
-108
-25
-115
-79
-115
-42
-95
-49
-92
-111
-41
-52
-9
-3
-251
-79
-230
-58
-123
-219
-115
-30
-119
-62
-58
-62
-107
155
128
236
183
216
19
229
85
176
247
159
187
119
206
198
98
206
246
148
194
170
249
203
7
230
58
136
160
51
217
173
253
190
66
242
14
217
131
71
180
186
28
163
15
242
236
187
188
20
246
157
246
168
32
163
186
138
197
51
70
159
215
-58
-42
-223
-103
-123
-124
-13
-53
-108
-76
-45
-91
-4
-17
-107
-157
-101
-45
-128
-158
-26
-71
-35
-62
-91
-150
-115
-79
-41
-42
-73
-5
-95
-208
-66
-81
-17
-137
-251
-94
-114
-62
-185
-244
-76
-20
-107
-13
-163
-10
-112
-153
-24
-104
-108
-170
-75
-100
-95
-83
-80
-119
-106
225
214
51
208
193
251
113
154
68
225
69
81
243
184
184
101
187
137
194
249
3
215
211
157
36
46
19
159
57
159
238
123
218
159
109
253
249
194
225
227
221
220
94
170
75
243
35
4
63
231
250
25
77
144
5
151
193
9
159
166
27
200
-216
-86
-135
-38
-149
-220
-113
-66
-53
-175
-146
-29
-168
-60
-79
-223
-252
-117
-94
-118
-162
-186
-222
-116
-91
-185
-111
-70
-54
-20
-154
-113
-160
-49
-153
-173
-26
-69
-1
-62
-215
-82
-81
-103
-169
-232
-58
-55
-95
-98
-166
-123
-245
-75
-23
-165
-80
-219
-6
-56
-108
-26
-235
176
231
229
183
72
193
194
65
147
246
128
180
173
206
160
78
213
175
202
159
241
221
219
242
170
35
171
61
194
245
107
218
213
77
226
157
131
128
60
135
235
183
138
85
241
97
175
220
199
246
103
12
148
113
222
214
242
234
241
187
137
234
-6
-242
-120
-42
-226
-123
-118
-195
-56
-198
-88
-193
-130
-2
-256
-29
-35
-104
-111
-132
-76
-36
-139
-1
-252
-203
-98
-92
-83
-203
-61
-74
-70
-53
-158
-154
-17
-4
-41
-127
-147
-18
-8
-255
-62
-175
-46
-79
-138
-88
-98
-26
-41
-219
-39
-58
-100
-157
-117
-127
-124
-170
-61
187
187
200
246
233
78
179
229
210
240
215
249
51
45
215
193
73
31
182
188
204
32
168
114
135
174
163
154
22
205
81
124
168
153
47
147
24
228
142
234
8
67
180
225
4
177
227
197
124
88
177
12
125
69
227
203
148
90
28
220
207
236
-146
-197
-224
-13
-225
-36
-128
-151
-200
-69
-195
-2
-232
-91
-37
-71
-100
-8
-75
-90
-131
-93
-142
-206
-197
-55
-181
-220
-159
-2
-15
-227
-32
-252
-30
-160
-112
-3
-188
-65
-246
-249
-227
-204
-152
-42
-45
-187
-72
-42
-188
-27
-100
-239
-243
-99
-64
-35
-22
-233
-160
-16
-169
91
83
215
11
61
17
181
88
40
90
88
164
192
122
153
124
175
9
53
194
55
123
232
205
97
0
164
228
202
146
23
209
64
163
148
74
204
216
196
75
98
119
32
184
88
139
132
112
152
246
35
238
133
210
158
23
224
88
167
52
119
251
-107
-145
-131
-48
-96
-210
-216
-22
-137
-54
-24
-68
-114
-161
-5
-214
-32
-99
-180
-185
-56
-216
-36
-197
-57
-233
-217
-22
-186
-236
-28
-88
-79
-190
-36
-109
-109
-196
-158
-184
-63
-9
-256
-161
-113
-74
-3
-173
-141
-241
-37
-124
-184
-9
-69
-243
-96
-236
-46
-28
-68
-67
-185
246
137
210
171
-1
236
248
154
3
51
85
163
219
164
222
48
156
210
164
237
238
144
198
153
242
199
39
179
58
220
198
32
106
230
184
142
127
176
93
139
147
190
156
166
56
242
32
173
142
136
94
91
227
199
32
89
56
180
154
190
171
120
-203
-25
-226
-77
-88
-208
-212
-3
-54
-57
-216
-123
-27
-47
-45
-226
-138
-64
-256
-4
-223
-97
-175
-123
-181
-157
-7
-17
-104
-215
-104
-101
-108
-74
-141
-91
-175
-81
-65
-151
-239
-251
-201
-62
-26
-194
-99
-30
-133
-30
-5
-82
-38
-67
-182
-69
-119
-102
-204
-44
-232
-3
-241
174
23
84
56
131
68
178
183
69
39
191
166
191
8
29
34
243
20
26
75
204
67
10
105
42
108
254
43
4
147
247
206
181
98
210
84
145
209
109
47
157
240
230
31
58
166
238
62
20
175
25
229
198
44
220
227
140
98
74
226
180
205
-117
-71
-98
-168
-75
-245
-195
-119
-136
-72
-19
-130
-21
-220
-26
-66
-47
-61
-152
-142
-3
-147
-5
-256
-252
-105
-96
-115
-154
-61
-30
-36
-34
-45
-209
-88
-52
-236
-61
-196
-72
-24
-10
-22
-179
-10
-26
-185
-11
-4
-45
-203
-148
-54
-112
-182
-112
-109
-112
-92
-158
-87
-15
