0
0
-1
-1
-1
0
0
0
0
1
1
2
3
4
4
5
7
8
9
11
13
14
16
19
21
23
25
28
30
32
35
38
41
43
46
48
51
53
55
58
60
63
65
67
68
70
72
74
75
76
77
78
79
80
81
82
82
82
83
84
84
84
84
84
85
85
85
85
85
84
84
83
82
81
79
79
77
75
74
71
68
66
63
61
57
53
50
46
43
38
34
30
26
22
17
13
10
5
1
-3
-7
-10
-14
-18
-21
-24
-26
-29
-31
-34
-36
-38
-40
-41
-41
-43
-44
-46
-46
-46
-48
-48
-48
-48
-49
-49
-49
-50
-50
-50
-49
-49
-48
-48
-47
-47
-46
-44
-43
-41
-40
-38
-34
-33
-30
-27
-24
-19
-16
-12
-8
-4
1
5
10
15
19
23
28
33
38
42
47
50
54
58
61
65
68
70
73
74
76
79
80
82
82
83
84
84
85
85
84
85
84
85
84
83
82
83
82
83
81
81
80
78
78
77
76
74
73
71
69
67
66
63
60
57
54
51
48
45
41
37
34
29
25
20
16
13
8
5
1
-3
-7
-11
-14
-17
-21
-23
-27
-29
-31
-34
-35
-38
-39
-41
-43
-43
-44
-46
-46
-47
-48
-49
-49
-50
-50
-51
-50
-51
-52
-52
-52
-53
-52
-52
-51
-51
-50
-50
-47
-46
-45
-43
-41
-38
-36
-33
-30
-26
-22
-19
-15
-10
-6
-2
3
7
12
16
20
25
29
33
38
41
45
49
52
56
58
61
64
66
69
70
73
75
75
76
78
80
80
80
82
81
82
83
83
82
82
82
83
82
81
81
80
80
78
77
75
74
72
69
68
64
62
59
56
53
48
44
40
37
32
28
22
18
13
8
3
-2
-6
-11
-16
-20
-24
-28
-33
-37
-40
-43
-46
-49
-52
-53
-55
-57
-60
-61
-61
-62
-63
-63
-64
-65
-64
-64
-65
-64
-65
-63
-63
-63
-62
-63
-62
-61
-61
-60
-59
-58
-57
-56
-55
-53
-51
-49
-47
-45
-42
-40
-36
-33
-30
-26
-22
-18
-14
-9
-4
1
6
11
15
21
26
31
36
40
45
50
54
58
62
65
69
72
75
77
80
81
83
85
86
87
88
88
89
88
89
89
89
90
89
88
88
88
89
88
87
88
86
85
85
83
83
81
80
78
76
74
71
69
66
63
59
55
52
48
43
40
35
29
25
20
15
10
5
0
-5
-9
-14
-19
-23
-27
-30
-34
-38
-40
-42
-46
-48
-50
-51
-52
-54
-54
-56
-56
-56
-57
-57
-56
-56
-56
-55
-54
-54
-54
-54
-54
-53
-53
-52
-51
-51
-49
-48
-48
-45
-44
-42
-39
-38
-35
-32
-29
-26
-23
-19
-14
-11
-7
-3
2
6
10
15
19
24
29
32
36
41
45
49
51
54
58
61
63
65
67
69
70
71
72
73
74
74
75
75
75
74
74
74
75
74
72
72
72
73
72
72
71
71
70
69
68
68
67
66
63
63
61
59
56
54
50
48
45
42
38
34
31
26
22
18
14
9
4
0
-3
-9
-12
-18
-21
-25
-29
-32
-36
-39
-41
-45
-48
-50
-53
-54
-56
-58
-60
-60
-63
-63
-64
-65
-66
-67
-68
-69
-67
-68
-68
-69
-69
-70
-70
-69
-68
-68
-68
-68
-66
-66
-65
-63
-62
-60
-58
-55
-53
-50
-47
-44
-40
-38
-34
-30
-25
-22
-18
-13
-10
-4
0
4
9
12
17
21
25
29
33
37
40
43
46
49
52
54
57
58
60
62
65
65
66
67
68
70
70
71
72
72
72
71
73
73
73
72
72
72
72
70
70
68
67
66
65
63
61
59
56
54
51
48
44
41
37
34
29
25
21
16
12
8
3
-2
-6
-10
-15
-19
-23
-27
-31
-34
-39
-42
-44
-47
-50
-53
-56
-56
-59
-60
-63
-63
-64
-66
-66
-66
-67
-67
-69
-68
-68
-68
-68
-69
-68
-67
-67
-66
-66
-66
-64
-62
-61
-60
-58
-56
-54
-51
-47
-45
-42
-39
-35
-31
-27
-22
-19
-14
-9
-4
0
6
10
15
21
25
30
35
39
43
47
52
56
59
62
65
68
71
73
75
76
78
79
80
82
82
83
83
83
83
83
84
82
82
81
82
81
80
79
78
78
77
75
73
71
70
68
66
64
61
59
55
52
50
45
43
38
35
31
26
22
17
13
9
5
-1
-5
-9
-14
-18
-22
-26
-30
-34
-37
-40
-42
-46
-48
-51
-53
-55
-57
-58
-60
-62
-62
-63
-63
-64
-65
-65
-65
-65
-65
-64
-64
-64
-65
-64
-63
-63
-63
-62
-61
-60
-59
-58
-57
-55
-53
-51
-49
-47
-45
-42
-39
-37
-34
-30
-27
-24
-21
-17
-14
-10
-6
-3
1
4
9
12
15
19
23
26
29
32
34
37
40
43
45
47
49
51
53
54
57
57
59
61
62
62
64
65
66
65
67
67
69
69
70
70
70
71
70
69
69
68
68
67
65
63
62
60
57
54
52
49
45
42
38
35
31
27
22
17
13
9
5
0
-4
-8
-12
-16
-20
-23
-28
-31
-34
-36
-39
-42
-43
-46
-48
-48
-51
-52
-52
-53
-54
-54
-54
-54
-55
-54
-55
